00000000000000001011
00000001000000101011
10000000000010000010
00001000000000010000
00100000000000000000
00000000000010100000
00001000000011001010
00001000010011101010
00011000000100000010
00100010000100001010
01111000000001000010
00010010000100001001
00000000000101000010
00000000000110000010
00000000000101100010
00001000000001100010
00011010110001110000
00110000110001101010
00001001100010000010
00100000110001111000
00001000010010000010
00100010100010010000
00110001000010001010
00001001110010100010
00101001000010011000
00110000110010110010
00110001000011010010
01000000110011100001
01000001000100000001
00000001000000000000
00110000000000110000
00101000010000100000
00001000000000000000
00000000000000000011
00000000010000100011
00000000000000000000
00000000000001000011
00000000010001100011
00000000000000100010
00010000000000001010
00111000000001101000
01000000000010001000
00011000000000010000
00100000000000010000
00111000010000110000
00100000010000110000
00011000100001010000
01000000100001010000
00111000110001110000
01000000110001110000
00001000000000000000
00011000100001000000
00010000000000000000
01100000000000010010
00000001010000100000
01100000010000100000
00001000000000000100
00001011000110000010
00001010110101100010
00110010110000110001
00000000010110100101
00001010100101000010
00111010100000110001
00000000011001000101
01010000000000000010
